timestamp: 2026-04-27_02-07-32
Nx: 101
Ny: 101
Nt: 300
dt: 5.3350938327319215e-05
dx_min: 56778.542061842265
dx_max: 102312.10923483223
dx_ratio: 1.801950270639136
source_position: (50, 50)
save_every: 2
total_frames: 250
grading_strenght: 1
